WAVE 1
2 1 1 1000 1100 1
2 1 1 1000 -100 1
3 1 1 1100 1100 1
3 1 1 1100 -100 1
4 1 1 1200 1100 1
4 1 1 1200 -100 1
8 1 1 1300 1100 1
8 1 1 1300 -100 1
9 1 1 1400 1100 1
9 1 1 1400 -100 1
WAVE 2
2 2 2 1930 500 1
4 2 2 1930 400 1
4 2 2 1930 600 1
6 2 2 1930 300 1
6 2 2 1930 700 1
8 2 2 1930 200 1
8 2 2 1930 800 1
10 2 2 1930 300 1
10 2 2 1930 700 1
12 2 2 1930 400 1
12 2 2 1930 600 1
14 2 2 1930 500 1
WAVE 3
3 3 3 1930 200 1
3 3 3 1930 300 1
3 3 3 1930 400 1
3 3 3 1930 500 1
3 3 3 1930 600 1
3 3 3 1930 700 1
3 3 3 1930 800 1
6 3 3 1930 200 1
6 3 3 1930 300 1
6 3 3 1930 400 1
6 3 3 1930 500 1
6 3 3 1930 600 1
6 3 3 1930 700 1
6 3 3 1930 800 1
9 3 3 1930 200 1
9 3 3 1930 300 1
9 3 3 1930 400 1
9 3 3 1930 500 1
9 3 3 1930 600 1
9 3 3 1930 700 1
9 3 3 1930 800 1

2 4 4 1930 800 1
2 5 1 1930 400 1
2 6 2 1930 500 1
2 7 3 1930 600 1
2 8 4 1930 700 1
2 9 1 1930 700 1
2 10 2 1930 700 1