2 1 1 1000 1100 1
2 1 1 1000 -100 1
3 1 1 1100 1100 1
3 1 1 1100 -100 1
4 1 1 1200 1100 1
4 1 1 1200 -100 1
2 2 2 1930 500 1
4 2 2 1930 400 1
4 2 2 1930 600 1
6 2 2 1930 300 1
6 2 2 1930 700 1
8 2 2 1930 200 1
8 2 2 1930 800 1
10 2 2 1930 300 1
10 2 2 1930 700 1
12 2 2 1930 400 1
12 2 2 1930 600 1
14 2 2 1930 500 1
3 3 3 1930 200 1
3 3 3 1930 300 1
3 3 3 1930 400 1
3 3 3 1930 500 1
3 3 3 1930 600 1
3 3 3 1930 700 1
3 3 3 1930 800 1
6 3 3 1930 200 1
6 3 3 1930 300 1
6 3 3 1930 400 1
6 3 3 1930 500 1
6 3 3 1930 600 1
6 3 3 1930 700 1
6 3 3 1930 800 1
9 3 3 1930 200 1
9 3 3 1930 300 1
9 3 3 1930 400 1
9 3 3 1930 500 1
9 3 3 1930 600 1
9 3 3 1930 700 1
9 3 3 1930 800 1
12 3 3 1930 200 1
12 3 3 1930 300 1
12 3 3 1930 400 1
12 3 3 1930 500 1
12 3 3 1930 600 1
12 3 3 1930 700 1
12 3 3 1930 800 1
15 3 3 1930 200 1
15 3 3 1930 300 1
15 3 3 1930 400 1
15 3 3 1930 500 1
15 3 3 1930 600 1
15 3 3 1930 700 1
15 3 3 1930 800 1
2 4 4 1930 100 1
2 4 4 1930 500 1
2 4 4 1930 900 1
6 4 3 1930 200 1
6 4 3 1930 400 1
6 4 3 1930 600 1
6 4 3 1930 800 1
8 4 3 1930 200 1
8 4 3 1930 400 1
8 4 3 1930 600 1
8 4 3 1930 800 1
10 4 3 1930 200 1
10 4 3 1930 400 1
10 4 3 1930 600 1
10 4 3 1930 800 1
12 4 3 1930 200 1
12 4 3 1930 400 1
12 4 3 1930 600 1
12 4 3 1930 800 1
14 4 3 1930 200 1
14 4 3 1930 400 1
14 4 3 1930 600 1
14 4 3 1930 800 1
3 5 5 1930 760 1
8 5 1 1000 1100 1
8 5 1 1000 -100 1
9 5 1 1100 1100 1
9 5 1 1100 -100 1
14 5 3 1930 200 1
14 5 3 1930 300 1
14 5 3 1930 400 1
14 5 3 1930 500 1
14 5 3 1930 600 1
14 5 3 1930 700 1
14 5 3 1930 800 1
2 6 3 1930 200 1
2 6 2 1930 300 1
2 6 3 1930 400 1
2 6 2 1930 500 1
2 6 3 1930 600 1
2 6 2 1930 700 1
2 6 3 1930 800 1
5 6 2 1930 200 1
5 6 3 1930 300 1
5 6 2 1930 400 1
5 6 3 1930 500 1
5 6 2 1930 600 1
5 6 3 1930 700 1
5 6 2 1930 800 1
6 6 4 1930 100 1
6 6 4 1930 500 1
6 6 4 1930 900 1
8 6 2 1930 200 1
8 6 3 1930 300 1
8 6 2 1930 400 1
8 6 3 1930 500 1
8 6 2 1930 600 1
8 6 3 1930 700 1
8 6 2 1930 800 1
11 6 4 1930 300 1
11 6 4 1930 700 1
13 6 2 1930 350 1
14 6 3 1930 350 1
13 6 2 1930 750 1
14 6 3 1930 750 1
2 7 1 1000 1100 1
2 7 1 1000 -100 1
3 7 1 1100 1100 1
3 7 1 1100 -100 1
4 7 1 1200 1100 1
4 7 1 1200 -100 1
6 7 3 1930 100 1
6 7 3 1930 200 1
6 7 3 1930 300 1
6 7 3 1930 400 1
6 7 3 1930 500 1
6 7 3 1930 600 1
6 7 3 1930 700 1
6 7 3 1930 800 1
6 7 3 1930 900 1
10 7 3 1930 100 1
10 7 3 1930 200 1
10 7 3 1930 300 1
10 7 3 1930 400 1
10 7 3 1930 500 1
10 7 3 1930 600 1
10 7 3 1930 700 1
10 7 3 1930 800 1
10 7 3 1930 100 1
11 7 1 1300 1100 1
11 7 1 1300 -100 1
13 7 1 1400 1100 1
13 7 1 1400 -100 1
18 7 3 1930 100 1
18 7 3 1930 200 1
18 7 3 1930 300 1
18 7 3 1930 400 1
18 7 3 1930 500 1
18 7 3 1930 600 1
18 7 3 1930 700 1
18 7 3 1930 800 1
18 7 3 1930 100 1
2 8 3 1930 100 1
2 8 3 1930 200 1
2 8 3 1930 300 1
2 8 3 1930 400 1
2 8 3 1930 500 1
2 8 3 1930 600 1
2 8 3 1930 700 1
2 8 3 1930 800 1
3 8 3 1930 50 1
3 8 3 1930 150 1
3 8 3 1930 250 1
3 8 3 1930 350 1
3 8 3 1930 450 1
3 8 3 1930 550 1
3 8 3 1930 650 1
3 8 3 1930 750 1
4 8 3 1930 100 1
4 8 3 1930 200 1
4 8 3 1930 300 1
4 8 3 1930 400 1
4 8 3 1930 500 1
4 8 3 1930 600 1
4 8 3 1930 700 1
4 8 3 1930 800 1
5 8 3 1930 50 1
5 8 3 1930 150 1
5 8 3 1930 250 1
5 8 3 1930 350 1
5 8 3 1930 450 1
5 8 3 1930 550 1
5 8 3 1930 650 1
5 8 3 1930 750 1
6 8 3 1930 100 1
6 8 3 1930 200 1
6 8 3 1930 300 1
6 8 3 1930 400 1
6 8 3 1930 500 1
6 8 3 1930 600 1
6 8 3 1930 700 1
6 8 3 1930 800 1
6 8 4 1930 100 1
6 8 4 1930 500 1
6 8 4 1930 900 1
7 8 3 1930 50 1
7 8 3 1930 150 1
7 8 3 1930 250 1
7 8 3 1930 350 1
7 8 3 1930 450 1
7 8 3 1930 550 1
7 8 3 1930 650 1
7 8 3 1930 750 1
9 8 3 1930 150 1
9 8 3 1930 250 1
9 8 3 1930 350 1
9 8 3 1930 450 1
9 8 3 1930 550 1
9 8 3 1930 650 1
9 8 3 1930 750 1
9 8 3 1930 850 1
11 8 3 1930 50 1
11 8 3 1930 150 1
11 8 3 1930 250 1
11 8 3 1930 350 1
11 8 3 1930 450 1
11 8 3 1930 550 1
11 8 3 1930 650 1
11 8 3 1930 750 1
13 8 3 1930 150 1
13 8 3 1930 250 1
13 8 3 1930 350 1
13 8 3 1930 450 1
13 8 3 1930 550 1
13 8 3 1930 650 1
13 8 3 1930 750 1
13 8 3 1930 850 1
3 9 5 1930 760 1
6 9 5 1930 760 1
9 9 5 1930 760 1
3 10 5 1930 760 1
6 10 4 1930 500 1
6 10 4 1930 700 1
6 10 4 1930 900 1
8 10 1 1000 1100 1
8 10 1 1000 -100 1
9 10 1 1100 1100 1
9 10 1 1100 -100 1
10 10 1 1200 1100 1
10 10 1 1200 -100 1
13 10 3 1930 750 1
13 10 3 1930 850 1
13 10 3 1930 950 1
14 10 3 1930 750 1
14 10 3 1930 850 1
14 10 3 1930 950 1
15 10 3 1930 750 1
15 10 3 1930 850 1
15 10 3 1930 950 1
17 10 3 1930 750 1
17 10 3 1930 850 1
17 10 3 1930 950 1